%YAML:1.0
---
DVS_intrinsics: !!opencv-matrix
   rows: 3
   cols: 3
   dt: d
   data: [ 1238.3340673398602, 0., 638.97714920347141, 0.,
       1232.2700500976659, 306.61991361225722, 0., 0., 1. ]
DVS_distortion: !!opencv-matrix
   rows: 1
   cols: 5
   dt: d
   data: [ -0.50497904577060437, 0.37452122930182996,
       0.0041194726797167541, -0.00067787801239569366,
       -0.21311367614332849 ]
IR_intrinsics: !!opencv-matrix
   rows: 3
   cols: 3
   dt: d
   data: [ 647.68366559284311, 0., 654.66912640438113, 0.,
       646.62739293216191, 380.35219054144272, 0., 0., 1. ]
IR_distortion: !!opencv-matrix
   rows: 1
   cols: 5
   dt: d
   data: [ -0.02490726589126787, 0.30338409399382332,
       0.0025307249413389684, 0.0079129079982580876,
       -0.69358202665199609 ]
Rotation: !!opencv-matrix
   rows: 3
   cols: 3
   dt: d
   data: [ 0.99968224123834348, -0.012336102790528318,
       -0.02198265499487927, 0.011482588260197713, 0.99919112881351335,
       -0.038538789125032884, 0.022440292322720327, 0.038274125310952596,
       0.9990152774668426 ]
Translation: !!opencv-matrix
   rows: 3
   cols: 1
   dt: d
   data: [ 13.756974706290023, -2.4585926161321257, 4.1529570902573854 ]
Essential: !!opencv-matrix
   rows: 3
   cols: 3
   dt: d
   data: [ -0.10285823333818092, -4.2436983648067841,
       -2.2961216470364261, 3.8429269178697552, -0.57776747935821815,
       -13.834720926232329, 2.6157770530452882, 13.71551763460424,
       -0.58422354045751257 ]
Fundamental: !!opencv-matrix
   rows: 3
   cols: 3
   dt: d
   data: [ -2.5281196710179068e-08, -1.0481779080908412e-06,
       -0.00036131543866496532, 9.4608365258975148e-07,
       -1.429395576193248e-07, -0.0047783972451649432,
       7.3116871178540178e-05, 0.0029347236929892504, 1. ]
