%YAML:1.0
---
K_event: !!opencv-matrix
   rows: 3
   cols: 3
   dt: d
   data: [ 1293.9340711383475, 0., 728.74009272732144, 0.,
       1290.6944926556389, 315.92751191632158, 0., 0., 1. ]
dist_event: !!opencv-matrix
   rows: 1
   cols: 5
   dt: d
   data: [ -0.96748347943615687, 2.5989200580321978,
       0.0044706413080935949, -0.035924791249100904, -4.8572115967465814 ]
K_ir: !!opencv-matrix
   rows: 3
   cols: 3
   dt: d
   data: [ 827.98547089006195, 0., 635.46239183019759, 0.,
       617.95301755740127, 348.59974524513655, 0., 0., 1. ]
dist_ir: !!opencv-matrix
   rows: 1
   cols: 5
   dt: d
   data: [ 0.34616206301633479, -9.5414272977231303,
       0.0029440174067115019, 0.0044448950911428241, 67.791398261862341 ]
R: !!opencv-matrix
   rows: 3
   cols: 3
   dt: d
   data: [ 0.99986693090207124, -0.014649175146053966,
       0.0071778935637724604, 0.014781125518908133, 0.99971609300916975,
       -0.018688277258092242, -0.0069020878628784608,
       0.018791887771623151, 0.99979959298707055 ]
T: !!opencv-matrix
   rows: 3
   cols: 1
   dt: d
   data: [ 15.127928201996745, 0.5730082968844995, 5.1315654224505121 ]
E: !!opencv-matrix
   rows: 3
   cols: 3
   dt: d
   data: [ -0.079805266228985011, -5.1193406275459132,
       0.66879357938613149, 5.2352968593022826, -0.35945552963600763,
       -15.088062628676086, -0.34932424159258324, 15.132027376324624,
       -0.28682790914562351 ]
F: !!opencv-matrix
   rows: 3
   cols: 3
   dt: d
   data: [ -1.5448996085244212e-08, -9.9350814384007488e-07,
       0.00049265728572680048, 1.3579296897866778e-06,
       -9.3469481106556175e-08, -0.0060239071497184401,
       -0.00051954793663987696, 0.003095437096437005, 1. ]
R1: !!opencv-matrix
   rows: 3
   cols: 3
   dt: d
   data: [ 0.94457963897086439, 0.028005622424412801,
       0.32708560156982258, -0.024518395884794184, 0.99959010506430535,
       -0.014780734784421289, -0.32736547451572839,
       0.0059419668588877889, 0.94487911349809184 ]
R2: !!opencv-matrix
   rows: 3
   cols: 3
   dt: d
   data: [ 0.9463914709767256, 0.03584695522938907, 0.32102675817335186,
       -0.039264398308394906, 0.99922013142814714, 0.0041756405731294289,
       -0.32062671549324973, -0.016556713124845315, 0.94706091914011126 ]
P1: !!opencv-matrix
   rows: 3
   cols: 4
   dt: d
   data: [ 40903.58643746849, 0., 305.03347396850586, 0., 0.,
       40903.58643746849, 348.46990919113159, 0., 0., 0., 1., 0. ]
P2: !!opencv-matrix
   rows: 3
   cols: 4
   dt: d
   data: [ 40903.58643746849, 0., 305.03347396850586, 653837.80159342638,
       0., 40903.58643746849, 348.46990919113159, 0., 0., 0., 1., 0. ]
Q: !!opencv-matrix
   rows: 4
   cols: 4
   dt: d
   data: [ 1., 0., 0., -305.03347396850586, 0., 1., 0.,
       -348.46990919113159, 0., 0., 0., 40903.58643746849, 0., 0.,
       -0.062559225449775116, 0. ]
