%YAML:1.0
---
DVS_intrinsics: !!opencv-matrix
   rows: 3
   cols: 3
   dt: d
   data: [ 1254.3158218574038, 0., 623.60944166153024, 0.,
       1248.9319096585691, 348.25661720396874, 0., 0., 1. ]
DVS_distortion: !!opencv-matrix
   rows: 1
   cols: 5
   dt: d
   data: [ -0.60089598440025271, 1.1864844657473501,
       -0.0046901814203246421, 0.00011760078721383872,
       -2.4512507117472948 ]
IR_intrinsics: !!opencv-matrix
   rows: 3
   cols: 3
   dt: d
   data: [ 644.47205257753319, 0., 644.55964919603207, 0.,
       642.03156410912743, 380.42632365335186, 0., 0., 1. ]
IR_distortion: !!opencv-matrix
   rows: 1
   cols: 5
   dt: d
   data: [ 0.020528456796227171, -0.14686313215951327,
       0.002328636671277634, 0.00067396876205526193, 0.23127025396103229 ]
Rotation: !!opencv-matrix
   rows: 3
   cols: 3
   dt: d
   data: [ 0.99948028435917546, 0.032202212614172061,
       -0.0014760352480018399, -0.032128022740236496,
       0.99883191396956084, 0.036091519650834687, 0.002636537901212984,
       -0.036025340229557827, 0.9993473988204703 ]
Translation: !!opencv-matrix
   rows: 3
   cols: 1
   dt: d
   data: [ -12.641376516892917, 1.2986106346978719, -1.9912437080024628 ]
Essential: !!opencv-matrix
   rows: 3
   cols: 3
   dt: d
   data: [ -0.060550886974756774, 1.9421348741032325, 1.36963017128289,
       -1.9568793591924283, -0.51953234324273767, 12.636065885567488,
       -0.891793294237051, -12.66842843733958, -0.45432969390279676 ]
Fundamental: !!opencv-matrix
   rows: 3
   cols: 3
   dt: d
   data: [ -2.0521294561481352e-08, 6.6071070134145597e-07,
       6.102727464760238e-05, -6.6606472837986042e-07,
       -1.7750585487901096e-07, 0.0032686876025895982,
       -0.00013434264254652052, -0.005756028048162388, 1. ]
