DVS_intrinsics: !!opencv-matrix
   rows: 3
   cols: 3
   dt: d
   data: [ 1250.2944832497376, 0., 605.78682712096111, 0.,
       1244.0880624481845, 327.37493322777499, 0., 0., 1. ]
DVS_distortion: !!opencv-matrix
   rows: 1
   cols: 5
   dt: d
   data: [ -0.51433715202667918, 0.42569468031677987,
       0.00099516712351650858, 0.00083135487010915093,
       -0.27080164222934244 ]
IR_intrinsics: !!opencv-matrix
   rows: 3
   cols: 3
   dt: d
   data: [ 634.84946529491799, 0., 639.49740340195763, 0.,
       633.97028019442757, 382.79638287285678, 0., 0., 1. ]
IR_distortion: !!opencv-matrix
   rows: 1
   cols: 5
   dt: d
   data: [ -0.013088697841897862, -0.055214602337969244,
       0.0028922564471185216, 0.0017778387785587289, 0.21246442844565794 ]
Rotation: !!opencv-matrix
   rows: 3
   cols: 3
   dt: d
   data: [ 0.99475311903944363, 0.0047723910491660514,
       0.10219323091561547, -0.0066960860514899126, 0.99980663488059984,
       0.018489328822917053, -0.102085232001938, -0.019076612183633365,
       0.99459272482494354 ]
Translation: !!opencv-matrix
   rows: 3
   cols: 1
   dt: d
   data: [ -15.491489101494093, 2.9559074449710243, 0.44870349048544428 ]
Essential: !!opencv-matrix
   rows: 3
   cols: 3
   dt: d
   data: [ -0.29874994011222838, -0.50500542685985805, 2.931627813644492,
       -1.1351030622972376, -0.29338374121446342, 15.453576816466747,
       -2.8366658063875163, -15.502600334086839, -0.5885009680432709 ]
Fundamental: !!opencv-matrix
   rows: 3
   cols: 3
   dt: d
   data: [ -6.8413320586775127e-08, -1.1580591639951254e-07,
       0.00051427923521447092, -2.6123377771765529e-07,
       -6.7613269461074332e-08, 0.0024507837968380671,
       -0.00068521666835953264, -0.0043525046993502792, 1. ]
