%YAML:1.0
---
DVS_intrinsics: !!opencv-matrix
   rows: 3
   cols: 3
   dt: d
   data: [ 1231.1310155780345, 0., 641.28821654220235, 0.,
       1219.8830141004598, 279.98157419766312, 0., 0., 1. ]
DVS_distortion: !!opencv-matrix
   rows: 1
   cols: 5
   dt: d
   data: [ -0.54050581710199896, 0.52593356200951913,
       0.01085292256001906, -0.0042801264483522533, -0.28189157479317217 ]
IR_intrinsics: !!opencv-matrix
   rows: 3
   cols: 3
   dt: d
   data: [ 646.9571984985663, 0., 664.1438882734185, 0.,
       646.37796468744625, 367.23873416042596, 0., 0., 1. ]
IR_distortion: !!opencv-matrix
   rows: 1
   cols: 5
   dt: d
   data: [ 0.030489339058102093, -0.083503726272425194,
       0.00096085757766736009, 0.0092296501868619867,
       0.084127594505091177 ]
Rotation: !!opencv-matrix
   rows: 3
   cols: 3
   dt: d
   data: [ 0.99990854703122234, 0.0013116397813297915,
       -0.013460207093277157, -0.0006965486985098878,
       0.99895952050532011, 0.045600342232176322, 0.013506013246716431,
       -0.045586796255769418, 0.99886907631246369 ]
Translation: !!opencv-matrix
   rows: 3
   cols: 1
   dt: d
   data: [ -14.020667042937282, 1.7745777339835116, -4.1051233157849651 ]
Essential: !!opencv-matrix
   rows: 3
   cols: 3
   dt: d
   data: [ 0.021108052079676722, 4.0199547055526264, 1.959765850093856,
       -3.9153845752608265, -0.64454173490461097, 14.06006654843727,
       -1.7646493662004137, -14.008406433128325, -0.61546103167879906 ]
Fundamental: !!opencv-matrix
   rows: 3
   cols: 3
   dt: d
   data: [ 5.1948102989070904e-09, 9.9022001955613573e-07,
       -5.5063713238359911e-05, -9.7248307083704262e-07,
       -1.6023141748936461e-07, 0.0029639944312418042,
       -0.00026572207953372935, -0.004838340834372774, 1. ]
