%YAML:1.0
---
DVS_intrinsics: !!opencv-matrix
   rows: 3
   cols: 3
   dt: d
   data: [ 1229.1719496216476, 0., 587.45398126798864, 0.,
       1223.6125293364241, 299.42192867801157, 0., 0., 1. ]
DVS_distortion: !!opencv-matrix
   rows: 1
   cols: 5
   dt: d
   data: [ -0.58908138367191432, 1.176619955137598,
       0.0075435409579267419, 0.0046053817886578851, -2.4025944676371345 ]
IR_intrinsics: !!opencv-matrix
   rows: 3
   cols: 3
   dt: d
   data: [ 632.64807001308725, 0., 630.61976892429539, 0.,
       630.67922476327476, 358.15623896663789, 0., 0., 1. ]
IR_distortion: !!opencv-matrix
   rows: 1
   cols: 5
   dt: d
   data: [ -0.016400314616493692, -0.041490478418783026,
       -0.0076722965582080279, -0.0055562771073302316,
       0.11033599224455376 ]
Rotation: !!opencv-matrix
   rows: 3
   cols: 3
   dt: d
   data: [ 0.9982073790910051, -0.014072084122534041,
       -0.058172199345688874, 0.013400830911304014, 0.99983923449846135,
       -0.011913139318312884, 0.058330489961536225, 0.011112227768508837,
       0.99823547940096169 ]
Translation: !!opencv-matrix
   rows: 3
   cols: 1
   dt: d
   data: [ 15.012522189653538, -2.5669804392719704, 1.3735749259497581 ]
Essential: !!opencv-matrix
   rows: 3
   cols: 3
   dt: d
   data: [ -0.16814027207107318, -1.4018789738063837, -2.546087359952566,
       0.49542485193650387, -0.1861516278577916, -15.065936159414964,
       2.763559087879297, 14.973985929312024, -0.32817316619441927 ]
Fundamental: !!opencv-matrix
   rows: 3
   cols: 3
   dt: d
   data: [ -3.9549187589431563e-08, -3.3124174847921824e-07,
       -0.00061371096014083094, 1.1689535967229583e-07,
       -4.412198546358345e-08, -0.0044249243737827203,
       0.00039431503482376069, 0.0024630719008001214, 1. ]
