%YAML:1.0
---
K_event: !!opencv-matrix
   rows: 3
   cols: 3
   dt: d
   data: [ 1221.4556868257248, 0., 667.78146052953991, 0.,
       1224.9182455567664, 350.03911846690198, 0., 0., 1. ]
dist_event: !!opencv-matrix
   rows: 1
   cols: 5
   dt: d
   data: [ -0.55822696287245333, 1.6774368578325363,
       -0.0061917984238117922, -0.0069513806677984078,
       -5.3265764392554997 ]
K_ir: !!opencv-matrix
   rows: 3
   cols: 3
   dt: d
   data: [ 763.32375325826661, 0., 673.01545336321476, 0.,
       575.36383468819565, 388.68722124686184, 0., 0., 1. ]
dist_ir: !!opencv-matrix
   rows: 1
   cols: 5
   dt: d
   data: [ -0.11252793418275288, 0.62788699276873161,
       0.0076970183622565086, 0.010891785544557832, -1.1046130323212091 ]
R: !!opencv-matrix
   rows: 3
   cols: 3
   dt: d
   data: [ 0.98083862114378084, 0.00011906462638135683,
       -0.19482193176432011, -0.0094102031348293064, 0.99886156605752685,
       -0.046765584889596673, 0.19459457173756906, 0.047702805753116542,
       0.97972312158770269 ]
T: !!opencv-matrix
   rows: 3
   cols: 1
   dt: d
   data: [ 14.546716142039354, -1.5697091703268888, 2.1278394111336096 ]
E: !!opencv-matrix
   rows: 3
   cols: 3
   dt: d
   data: [ -0.28543348265523294, -2.2002965381648321,
       -1.4383707137247042, -0.74364492381644665, -0.69366582406494204,
       -14.666303932090324, 1.402743824378883, 14.530342563467627,
       -0.98609946147666028 ]
F: !!opencv-matrix
   rows: 3
   cols: 3
   dt: d
   data: [ -7.3410434697882231e-08, -5.6429305712659601e-07,
       -0.0002053106575079247, -2.5373753345259722e-07,
       -2.3601521773578746e-07, -0.0058604248045340717,
       0.00042341572942767263, 0.0033160283488172771, 1. ]
R1: !!opencv-matrix
   rows: 3
   cols: 3
   dt: d
   data: [ 0.99403024483558844, -0.099065144867150332,
       -0.045716183398775631, 0.097712737433657285, 0.99473388589755429,
       -0.030930845290303818, 0.048539605430216695, 0.026279142291978929,
       0.99847549463423324 ]
R2: !!opencv-matrix
   rows: 3
   cols: 3
   dt: d
   data: [ 0.98387797472793392, -0.10616844821422075,
       0.14391800251894588, 0.1019848713016463, 0.99412844944114009,
       0.03616230132805915, -0.14691227610668084, -0.020901832827267406,
       0.98892866098299292 ]
P1: !!opencv-matrix
   rows: 3
   cols: 4
   dt: d
   data: [ 1703.4600009747537, 0., 581.77199554443359, 0., 0.,
       1703.4600009747537, 372.53262519836426, 0., 0., 0., 1., 0. ]
P2: !!opencv-matrix
   rows: 3
   cols: 4
   dt: d
   data: [ 1703.4600009747537, 0., 581.77199554443359,
       25185.795118901842, 0., 1703.4600009747537, 372.53262519836426,
       0., 0., 0., 1., 0. ]
Q: !!opencv-matrix
   rows: 4
   cols: 4
   dt: d
   data: [ 1., 0., 0., -581.77199554443359, 0., 1., 0.,
       -372.53262519836426, 0., 0., 0., 1703.4600009747537, 0., 0.,
       -0.067635744392136085, 0. ]
