%YAML:1.0
---
K_event: !!opencv-matrix
   rows: 3
   cols: 3
   dt: d
   data: [ 1460.9812075639873, 0., 693.46753619797994, 0.,
       1456.8438911734443, 378.63023365972902, 0., 0., 1. ]
dist_event: !!opencv-matrix
   rows: 1
   cols: 5
   dt: d
   data: [ -0.61318098907523255, -0.0044959410376265996,
       -0.0088476583478398693, -0.014881207809144273, 1.4208628238552152 ]
K_ir: !!opencv-matrix
   rows: 3
   cols: 3
   dt: d
   data: [ 566.4843680041306, 0., 599.93774217462158, 0.,
       424.43381973731704, 381.76659648653668, 0., 0., 1. ]
dist_ir: !!opencv-matrix
   rows: 1
   cols: 5
   dt: d
   data: [ 0.020570616314983484, -0.40591560064985599,
       0.0024724065229482202, 0.0044608252737940238, 0.96824135588594928 ]
R: !!opencv-matrix
   rows: 3
   cols: 3
   dt: d
   data: [ 0.99391188326655888, 0.022467756546779662,
       -0.10786272858256828, -0.023441167474801065, 0.99969506204810821,
       -0.0077649587279864114, 0.10765537594073267, 0.010246113037813082,
       0.99413547225651089 ]
T: !!opencv-matrix
   rows: 3
   cols: 1
   dt: d
   data: [ 22.636402386711762, -0.88539767617821552, -22.840425243721722 ]
E: !!opencv-matrix
   rows: 3
   cols: 3
   dt: d
   data: [ -0.63072405301977175, 22.824388446554025, -1.0575601962894057,
       -25.138300477483661, -0.74510825142453074, -20.040019988128108,
       0.34938357239622808, 22.649392587965217, -0.27127213951615747 ]
F: !!opencv-matrix
   rows: 3
   cols: 3
   dt: d
   data: [ -9.670848136492958e-08, 3.5095863521677395e-06,
       -0.0014986766736329671, -5.1444509554305491e-06,
       -1.5291641349705151e-07, -0.0023662340706533109,
       0.002052345587197238, -7.4272198084833173e-05, 1. ]
R1: !!opencv-matrix
   rows: 3
   cols: 3
   dt: d
   data: [ 0.62358631054667524, -0.018979604884315191,
       -0.78152408017745734, 0.010737249507614111, 0.99981888054664025,
       -0.01571361115321343, 0.78168076909426176, 0.0014073737593234808,
       0.62367715568818516 ]
R2: !!opencv-matrix
   rows: 3
   cols: 3
   dt: d
   data: [ 0.70366073489371894, -0.027522906195486488,
       -0.71000285901071258, 0.034830480053082494, 0.99938431970308927,
       -0.0042212783449227347, 0.70968190608758175,
       -0.021759392596024885, 0.70418614087877984 ]
P1: !!opencv-matrix
   rows: 3
   cols: 4
   dt: d
   data: [ 3459.4848597770983, 0., 2616.1852912902832, 0., 0.,
       3459.4848597770983, 395.8343334197998, 0., 0., 0., 1., 0. ]
P2: !!opencv-matrix
   rows: 3
   cols: 4
   dt: d
   data: [ 3459.4848597770983, 0., 2616.1852912902832, 111289.8410460256,
       0., 3459.4848597770983, 395.8343334197998, 0., 0., 0., 1., 0. ]
Q: !!opencv-matrix
   rows: 4
   cols: 4
   dt: d
   data: [ 1., 0., 0., -2616.1852912902832, 0., 1., 0.,
       -395.8343334197998, 0., 0., 0., 3459.4848597770983, 0., 0.,
       -0.031085360777417016, 0. ]
