%YAML:1.0
---
K_event: !!opencv-matrix
   rows: 3
   cols: 3
   dt: d
   data: [ 1261.6510259037318, 0., 657.59505742597594, 0.,
       1261.2433198763642, 364.0027411435471, 0., 0., 1. ]
dist_event: !!opencv-matrix
   rows: 1
   cols: 5
   dt: d
   data: [ -0.77494810988269092, 4.3491067339420271,
       -0.0084980621190829577, -0.0046392630347105984,
       -18.218999848113189 ]
K_ir: !!opencv-matrix
   rows: 3
   cols: 3
   dt: d
   data: [ 802.79843732292431, 0., 673.74329193226731, 0.,
       603.95998022941205, 380.94599040650701, 0., 0., 1. ]
dist_ir: !!opencv-matrix
   rows: 1
   cols: 5
   dt: d
   data: [ -0.16635294509987414, 1.8053067554230562,
       0.0076852727947892413, 0.012490851108785244, -5.7772123398499664 ]
R: !!opencv-matrix
   rows: 3
   cols: 3
   dt: d
   data: [ 0.95694308542209072, 0.024391754457372364,
       -0.28924898198151089, -0.039838003338518946, 0.99807011630901232,
       -0.047633773952048257, 0.28752889377043361, 0.057105912525814116,
       0.95606801536383634 ]
T: !!opencv-matrix
   rows: 3
   cols: 1
   dt: d
   data: [ 15.231603678331208, 0.76426729041090324, 9.6671126357922255 ]
E: !!opencv-matrix
   rows: 3
   cols: 3
   dt: d
   data: [ 0.60486739401530309, -9.6048120517449238, 1.1911725696129654,
       4.8713504368376528, -0.63401678955864471, -17.358651588154132,
       -1.3381569771613471, 15.183566634717304, -0.50447523082769397 ]
F: !!opencv-matrix
   rows: 3
   cols: 3
   dt: d
   data: [ 1.1518966928715594e-07, -1.8297114020670972e-06,
       0.00087647026463359202, 1.2331079186863479e-06,
       -1.6054354126782506e-07, -0.0062962396092099407,
       -0.00075193755760599062, 0.0036159774329432466, 1. ]
R1: !!opencv-matrix
   rows: 3
   cols: 3
   dt: d
   data: [ 0.95948047443147488, 0.093393664109010205,
       0.26584740489432113, -0.088702540393494192, 0.99561747498294062,
       -0.029626049961712468, -0.26744920735065231,
       0.0048442763016503174, 0.96355978251202523 ]
R2: !!opencv-matrix
   rows: 3
   cols: 3
   dt: d
   data: [ 0.84355014969941977, 0.042326323665685152,
       0.53537989060762659, -0.052029120914116343, 0.99864098172280813,
       0.0030265823316147841, -0.53452419544768104,
       -0.030408419042321881, 0.8446059510401025 ]
P1: !!opencv-matrix
   rows: 3
   cols: 4
   dt: d
   data: [ 1627.3346071050839, 0., -104.17481994628906, 0., 0.,
       1627.3346071050839, 399.95520973205566, 0., 0., 0., 1., 0. ]
P2: !!opencv-matrix
   rows: 3
   cols: 4
   dt: d
   data: [ 1627.3346071050839, 0., -104.17481994628906,
       29384.045271392264, 0., 1627.3346071050839, 399.95520973205566,
       0., 0., 0., 1., 0. ]
Q: !!opencv-matrix
   rows: 4
   cols: 4
   dt: d
   data: [ 1., 0., 0., 104.17481994628906, 0., 1., 0.,
       -399.95520973205566, 0., 0., 0., 1627.3346071050839, 0., 0.,
       -0.055381571600334599, 0. ]
